$ 1 0.000005 1.6308177459886661 50 5 43 5e-11
v 128 240 128 192 0 0 40 3 0 0 0.5
g 128 240 128 256 0 0
w 128 192 128 128 0
r 128 128 224 128 0 5
w 224 128 272 128 0
34 SFH\s4550 0 2.07834e-14 0.806982 1.96509 0 1
d 272 176 272 240 2 SFH\s4550
g 272 240 272 256 0 0
r 272 128 272 176 0 0.1
r 336 128 336 176 0 0.1
d 336 176 336 240 2 SFH\s4550
g 336 240 336 256 0 0
r 400 128 400 176 0 0.1
d 400 176 400 240 2 SFH\s4550
g 400 240 400 256 0 0
w 272 128 336 128 0
w 336 128 400 128 0
w 336 384 400 384 0
w 272 384 336 384 0
g 400 496 400 512 0 0
d 400 432 400 496 2 SFH\s4550
r 400 384 400 432 0 0.1
g 336 496 336 512 0 0
d 336 432 336 496 2 SFH\s4550
r 336 384 336 432 0 0.1
r 272 384 272 432 0 0.1
g 272 496 272 512 0 0
d 272 432 272 496 2 SFH\s4550
w 224 384 272 384 0
r 128 384 224 384 0 3
w 128 448 128 384 0
g 128 496 128 512 0 0
v 128 496 128 448 0 0 40 2.4 0 0 0.5
w 224 0 304 0 0
g 224 48 224 64 0 0
v 224 48 224 0 0 0 40 1.5 0 0 0.5
d 304 0 304 64 2 SFH\s4550
g 304 64 304 80 0 0
v 128 704 128 656 0 0 40 1.5 0 0 0.5
g 128 704 128 720 0 0
w 128 656 128 592 0
w 128 592 272 592 0
d 272 640 272 704 2 SFH\s4550
g 272 704 272 720 0 0
r 272 592 272 640 0 0.1
r 336 592 336 640 0 0.1
d 336 640 336 704 2 SFH\s4550
g 336 704 336 720 0 0
r 400 592 400 640 0 0.1
d 400 640 400 704 2 SFH\s4550
g 400 704 400 720 0 0
w 272 592 336 592 0
w 336 592 400 592 0
g 704 64 704 80 0 0
34 BF5H06H-YIR-050 0 1e-18 2.03 1.346 0 1
d 704 0 704 64 2 BF5H06H-YIR-050
v 624 48 624 0 0 0 40 1.4 0 0 0.5
g 624 48 624 64 0 0
w 624 0 704 0 0
w 768 592 832 592 0
w 704 592 768 592 0
g 832 704 832 720 0 0
d 832 640 832 704 2 BF5H06H-YIR-050
r 832 592 832 640 0 0.1
g 768 704 768 720 0 0
d 768 640 768 704 2 BF5H06H-YIR-050
r 768 592 768 640 0 0.1
r 704 592 704 640 0 0.1
g 704 704 704 720 0 0
d 704 640 704 704 2 BF5H06H-YIR-050
w 560 592 704 592 0
w 560 656 560 592 0
g 560 704 560 720 0 0
v 560 704 560 656 0 0 40 1.5 0 0 0.5
v 560 496 560 448 0 0 40 2.4 0 0 0.5
g 560 496 560 512 0 0
w 560 448 560 384 0
r 560 384 656 384 0 3
w 656 384 704 384 0
d 704 432 704 496 2 BF5H06H-YIR-050
g 704 496 704 512 0 0
r 704 384 704 432 0 0.1
r 768 384 768 432 0 0.1
d 768 432 768 496 2 BF5H06H-YIR-050
g 768 496 768 512 0 0
r 832 384 832 432 0 0.1
d 832 432 832 496 2 BF5H06H-YIR-050
g 832 496 832 512 0 0
w 704 384 768 384 0
w 768 384 832 384 0
w 768 128 832 128 0
w 704 128 768 128 0
g 832 240 832 256 0 0
d 832 176 832 240 2 BF5H06H-YIR-050
r 832 128 832 176 0 0.1
g 768 240 768 256 0 0
d 768 176 768 240 2 BF5H06H-YIR-050
r 768 128 768 176 0 0.1
r 704 128 704 176 0 0.1
g 704 240 704 256 0 0
d 704 176 704 240 2 BF5H06H-YIR-050
w 656 128 704 128 0
r 560 128 656 128 0 5
w 560 192 560 128 0
g 560 240 560 256 0 0
v 560 240 560 192 0 0 40 3 0 0 0.5
